1 b b b 1 4 2 100 -1 -1 340
3 aa n a 1 4 3 100 -1 -1 440
4 bbb n a 2 5 -1 -1 8000 -1 495
5 cc nu c 1 6 33 100 -1 -1 3510
6 d n a 0 3 -1 -1 -1 8000 8105
6 aadd n c 0 20 -1 -1 -1 8000 8700
7 aacc n c 0 16 -1 -1 -1 8000 8560
8 aaee nu a 2 12 -1 -1 9000 -1 780
9 aaff n a 2 15 -1 -1 8500 -1 865
11 aaii n a 0 24 -1 -1 -1 8000 8840
12 aaoo nu b 3 10 -1 -1 -1 8000 8575
13 aaqq n c 0 14 -1 -1 -1 8000 8490
14 aazz n c 1 12 32 100 -1 -1 3620
15 aahh nu b 2 11 -1 -1 45000 -1 2185
16 张三 男 a部 1 13 34 100 -1 -1 3855
17 李四 男 a部 1 10 30 100 -1 -1 3350
18 玄五 女 b部 3 5 -1 -1 -1 8000 8175
19 王东 男 c部 1 15 15 100 -1 -1 2025
20 朱西 女 b部 0 18 -1 -1 -1 8000 8630
